image_width: 1920
image_height: 1080
camera_name: camera0
camera_matrix:
  rows: 3
  cols: 3
  data: [1330.14471, 0.0, 927.21966, 0.0, 1319.01126, 531.4651, 0.0, 0.0, 1.0]
distortion_model: plumb_bob
distortion_coefficients:
  rows: 1
  cols: 5
  data: [-0.3592, 0.10869, 0.00857, 0.00062, 0.0]
projection_matrix:
  rows: 3
  cols: 4
  data: [1022.63795, 0.0, 910.88587, 0.0, 0.0, 1233.48465, 537.72959, 0.0, 0.0, 0.0,
    1.0, 0.0]
rectification_matrix:
  rows: 3
  cols: 3
  data: [1.0, 0.0, 0.0, 0.0, 1.0, 0.0, 0.0, 0.0, 1.0]
