image_width: 1280
image_height: 720
camera_name: camera0
camera_matrix:
  rows: 3
  cols: 3
  data: [760.12447, 0.0, 609.72952, 0.0, 759.46086, 371.89329, 0.0, 0.0, 1.0]
distortion_model: plumb_bob
distortion_coefficients:
  rows: 1
  cols: 5
  data: [-0.31099, -0.02131, 0.00233, -0.00131, 0.0]
projection_matrix:
  rows: 3
  cols: 4
  data: [759.53064, 0.0, 609.25316, 0.0, 0.0, 758.40607, 371.37677, 0.0, 0.0, 0.0,
    1.0, 0.0]
rectification_matrix:
  rows: 3
  cols: 3
  data: [1.0, 0.0, 0.0, 0.0, 1.0, 0.0, 0.0, 0.0, 1.0]
